0.008423068560659885 1.880269970196549
0.008423068560659885 1.880269970196549
0.8844053531065583 0.6640419057746848
0.8844053531065583 0.6640419057746848
0.008423068560659885 1.880269970196549
0.008423068560659885 1.880269970196549
0.8844053531065583 0.6640419057746848
0.8844053531065583 0.6640419057746848
0.3834230685606599 1.1135332130406428
0.3834230685606599 1.1135332130406428
0.009405353106558323 1.8631923170899543
0.009405353106558323 1.8631923170899543
0.5084230685606599 0.9949527472542397
0.7594015384092927 0.7722405919679426
0.5094015384092927 0.9947114720357493
0.7584230685606599 0.8311614257843289
0.7584230685606599 0.8311614257843289
0.6344053531065583 0.8720099098659659
0.6334240222349763 0.9029029163436075
0.2584230685606599 1.320269482007056
0.2584230685606599 1.320269482007056
0.5094063067808747 0.9872504458350448
0.009405353106558323 1.8631923170899543
0.009405353106558323 1.8631923170899543
0.6344053531065583 0.8720099098659659
0.2584249759092927 1.283737948030675
0.13440535310655832 1.4794186476904894
0.13440535310655832 1.4794186476904894
0.6334230685606599 0.9069291557786242
0.8834249759092927 0.6677718461771934
0.8834249759092927 0.6677718461771934
0.5084230685606599 0.9949527472542397
0.7594015384092927 0.7722405919679426
0.13440535310655832 1.4794186476904894
0.13440535310655832 1.4794186476904894
0.2584230685606599 1.320269482007056
0.2584230685606599 1.320269482007056
0.8834249759092927 0.6677718461771934
0.8834249759092927 0.6677718461771934
0.7594015384092927 0.7722405919679426
0.6334240222349763 0.9029029163436075
0.5094063067808747 0.9872504458350448
0.6334230685606599 0.9069291557786242
0.7584240222349763 0.7756535393757503
0.1334249759092927 1.4841264648284345
0.6344053531065583 0.8720099098659659
0.7584230685606599 0.8311614257843289
0.13342306856065989 1.5165418012948773
0.6334249759092927 0.8826306886765659
0.6334249759092927 0.8826306886765659
0.1334249759092927 1.4841264648284345
0.6334240222349763 0.9029029163436075
0.5084230685606599 0.9949527472542397
0.008428790606558323 1.8702009757771447
0.008428790606558323 1.8702009757771447
0.7594005847349763 0.772986089618519
0.5094015384092927 0.9947114720357493
0.6344024920836091 0.8785204081545098
0.6344024920836091 0.8785204081545098
0.008428790606558323 1.8702009757771447
0.008428790606558323 1.8702009757771447
0.1334249759092927 1.4841264648284345
0.1334249759092927 1.4841264648284345
0.6344024920836091 0.8785204081545098
0.6344024920836091 0.8785204081545098
0.6334249759092927 0.8826306886765659
0.6334249759092927 0.8826306886765659
0.6334240222349763 0.9029029163436075
0.7584240222349763 0.7756535393757503
0.7594005847349763 0.772986089618519
0.7594005847349763 0.772986089618519
0.7594005847349763 0.772986089618519
0.008423068560659885 1.880269970196549
0.008423068560659885 1.880269970196549
0.008423068560659885 1.880269970196549
0.008423068560659885 1.880269970196549
0.008423068560659885 1.880269970196549
0.008423068560659885 1.880269970196549
0.008423068560659885 1.880269970196549
0.008428790606558323 1.8702009757771447
0.008428790606558323 1.8702009757771447
0.008428790606558323 1.8702009757771447
0.008428790606558323 1.8702009757771447
0.008428790606558323 1.8702009757771447
0.1334249759092927 1.4841264648284345
0.13440535310655832 1.4794186476904894
0.13440535310655832 1.4794186476904894
0.13440535310655832 1.4794186476904894
0.13440535310655832 1.4794186476904894
0.13440535310655832 1.4794186476904894
0.13440535310655832 1.4794186476904894
0.13440535310655832 1.4794186476904894
0.13440535310655832 1.4794186476904894
0.13440535310655832 1.4794186476904894
0.2584230685606599 1.320269482007056
0.6334240222349763 0.9029029163436075
0.6334249759092927 0.8826306886765659
0.6334249759092927 0.8826306886765659
0.6344024920836091 0.8785204081545098
0.6344024920836091 0.8785204081545098
